<<<<<<< HEAD
50
1 9 10
1 14 8
1 15 3
1 20 9
1 24 9
1 25 9
1 26 10
1 27 8
1 32 10
1 33 1
1 34 5
1 47 1
1 48 8
2 7 8
2 11 10
2 15 1
2 20 9
2 25 1
2 26 3
2 30 7
2 33 8
2 37 5
2 38 6
2 40 3
2 41 2
2 46 2
3 2 5
3 11 10
3 14 4
3 23 2
3 24 7
3 29 5
3 31 8
3 38 6
4 6 1
4 7 10
4 8 1
4 18 6
4 25 7
4 28 2
4 30 5
4 31 6
4 32 7
4 38 3
4 40 10
4 41 5
4 46 9
5 6 6
5 11 8
5 15 10
5 18 3
5 30 2
5 37 4
5 39 7
5 41 7
5 42 3
5 44 7
6 1 10
6 4 10
6 8 1
6 12 1
6 15 3
6 33 9
6 46 7
6 49 4
7 8 4
7 13 1
7 21 2
7 22 6
7 24 8
7 26 6
7 28 2
7 41 2
7 42 5
7 44 8
8 6 6
8 12 6
8 13 10
8 14 9
8 15 4
8 16 9
8 17 6
8 19 3
8 23 5
8 25 3
8 28 8
8 38 1
8 42 2
9 14 8
9 15 10
9 17 5
9 22 10
9 28 7
9 33 1
9 38 3
9 39 2
9 42 3
10 2 4
10 3 3
10 5 8
10 20 9
10 24 1
10 27 10
10 34 6
10 40 2
10 42 7
10 43 3
10 44 7
10 47 1
11 3 8
11 7 4
11 9 3
11 12 10
11 14 5
11 33 7
11 36 1
11 38 5
11 47 4
11 50 3
12 30 2
12 32 8
12 41 1
12 42 10
12 44 6
12 45 9
12 47 6
13 1 7
13 6 7
13 8 4
13 12 1
13 16 3
13 20 1
13 21 5
13 23 8
13 27 1
13 29 1
13 30 7
13 33 4
13 43 10
13 44 6
13 46 1
13 47 5
14 4 7
14 5 8
14 6 8
14 9 2
14 16 2
14 18 4
14 22 9
14 23 6
14 24 9
14 28 7
14 29 3
14 39 4
14 41 8
14 42 6
14 44 2
14 46 3
14 48 6
15 4 4
15 9 6
15 11 1
15 13 2
15 14 2
15 16 7
15 24 5
15 36 6
15 37 2
15 46 4
16 3 1
16 5 3
16 14 9
16 28 9
16 33 4
17 8 4
17 27 7
17 30 6
17 35 7
17 38 2
17 46 6
17 50 6
18 1 6
18 12 7
18 13 8
18 14 5
18 19 4
18 26 9
18 29 2
18 31 2
18 35 10
18 39 3
18 40 10
18 42 9
18 45 9
18 47 1
18 48 1
19 7 6
19 11 10
19 15 6
19 23 10
19 24 8
19 34 4
19 41 8
19 47 9
19 50 4
20 1 8
20 3 8
20 8 7
20 11 2
20 13 7
20 14 3
20 22 1
20 23 7
20 37 7
20 47 2
21 2 2
21 5 3
21 10 4
21 12 2
21 31 1
21 35 7
21 41 7
21 44 8
21 47 7
22 10 9
22 12 6
22 13 8
22 16 9
22 34 3
22 35 10
22 39 7
22 45 7
22 46 8
22 47 7
23 4 10
23 5 9
23 14 3
23 18 2
23 20 3
23 21 10
23 22 4
23 25 8
23 31 9
23 34 6
23 37 8
23 38 3
23 39 7
23 47 9
24 1 1
24 7 10
24 9 6
24 14 9
24 16 9
24 20 2
24 22 6
24 26 2
24 28 4
24 31 1
24 33 7
24 37 3
24 43 5
24 44 6
24 47 3
25 8 4
25 9 1
25 10 10
25 15 1
25 21 6
25 29 2
25 30 9
25 39 7
25 43 10
25 44 3
25 46 9
26 1 3
26 5 7
26 6 2
26 11 9
26 15 6
26 20 9
26 25 9
26 33 3
26 35 8
26 45 10
26 48 3
27 6 1
27 8 10
27 9 8
27 12 10
27 32 9
27 34 9
27 37 4
27 38 8
27 49 5
28 12 3
28 23 10
28 24 8
28 25 2
28 47 7
29 1 8
29 6 8
29 16 8
29 21 7
29 25 4
29 27 4
29 28 6
29 38 9
29 42 1
29 46 7
30 12 2
30 14 4
30 24 8
30 31 8
30 32 5
30 43 3
30 45 3
31 8 8
31 20 2
31 29 7
31 35 9
31 40 7
31 50 5
32 7 5
32 8 4
32 10 4
32 13 1
32 15 5
32 17 2
32 19 3
32 24 7
32 46 10
33 2 10
33 9 9
33 15 5
33 17 7
33 26 9
33 27 7
33 36 4
33 37 6
33 38 6
33 43 5
34 5 5
34 12 6
34 13 2
34 19 7
34 20 10
34 21 6
34 33 6
34 38 5
34 39 3
34 40 8
34 45 10
34 50 2
35 6 7
35 14 7
35 15 5
35 20 10
35 23 7
35 34 5
35 40 5
35 42 7
36 2 7
36 10 9
36 14 3
36 15 1
36 20 6
36 24 8
36 25 10
36 43 6
36 47 2
37 4 9
37 5 2
37 9 10
37 20 4
37 21 2
37 33 5
37 34 10
38 4 8
38 6 1
38 7 7
38 9 8
38 10 3
38 15 5
38 19 4
38 23 3
38 27 3
38 29 8
38 31 2
38 42 6
38 50 6
39 4 1
39 5 6
39 10 8
39 13 4
39 14 7
39 15 4
39 27 2
39 28 10
39 33 3
39 44 8
40 1 1
40 6 2
40 17 2
40 19 5
40 23 8
40 28 2
40 30 10
40 44 2
40 45 4
41 3 8
41 12 3
41 16 2
41 17 9
41 21 8
41 28 3
41 32 10
41 34 8
41 36 9
41 42 4
41 47 7
42 9 1
42 11 8
42 17 1
42 19 8
42 22 2
42 31 8
42 34 3
42 41 9
42 45 5
42 46 3
42 49 10
42 50 1
43 2 8
43 9 2
43 12 8
43 14 6
43 18 5
43 23 3
43 30 8
43 32 8
43 33 2
44 8 10
44 14 7
44 18 7
44 22 1
44 27 7
44 32 10
44 34 9
44 36 9
44 37 7
44 42 1
44 50 8
45 1 7
45 3 5
45 24 8
45 30 8
45 34 1
45 40 7
45 44 7
45 48 4
46 2 4
46 7 4
46 11 1
46 13 8
46 14 10
46 19 2
46 26 3
46 27 10
46 29 4
46 30 3
46 31 9
46 32 2
46 41 10
46 42 8
46 45 1
46 49 7
47 1 4
47 2 2
47 7 3
47 10 7
47 20 8
47 42 1
47 44 5
48 2 9
48 7 9
48 8 8
48 17 6
48 18 8
48 27 1
48 30 2
48 39 9
49 2 5
49 5 5
49 6 7
49 16 9
49 17 10
49 28 8
49 30 9
49 31 6
49 39 6
49 47 1
49 50 2
50 1 8
50 3 7
50 16 9
50 17 3
50 20 3
50 24 8
50 26 10
50 36 8
50 42 2
50 47 4
=======
20
1 2 4
1 3 7
1 4 5
2 3 2
2 5 6
3 6 3
3 7 4
4 7 5
4 8 6
5 6 2
5 9 7
6 10 3
7 10 4
7 11 5
8 11 3
8 12 6
9 13 5
10 14 2
11 15 4
12 16 3
13 17 6
14 18 5
15 19 4
16 20 7
17 18 3
18 19 2
19 20 4
>>>>>>> 3c32eb0361748845070983239c3d8694517f53ae
